[ 20%] Built target generate_dataset
[ 40%] Built target unit_test
[ 60%] Built target benchmark
[ 90%] Built target demo
[ 80%] Building CXX object CMakeFiles/demo_con.dir/examples/example_concurrency.cpp.o
[100%] Linking CXX executable demo_con
[100%] Built target demo_con
./demo_con
run: ./demo_con
1, 20, | 35005211, 20
1, 57, | 42999170, 57
1, 71, | 84353895, 71
1, 59, | 135497281, 59
1, 56, | 137806862, 56
1, 48, | 149798315, 48
1, 51, | 184803526, 51
1, 27, | 233665123, 27
1, 26, | 278722862, 26
1, 22, | 294702567, 22
1, 18, | 304089172, 18
1, 24, | 336465782, 24
1, 81, | 356426808, 81
1, 52, | 412776091, 52
1, 5, | 424238335, 5
1, 29, | 468703135, 29
1, 86, | 491705403, 86
1, 60, | 511702305, 60
1, 21, | 521595368, 21
1, 64, | 572660336, 64
1, 8, | 596516649, 8
1, 44, | 608413784, 44
1, 76, | 610515434, 76
1, 38, | 628175011, 38
1, 33, | 635723058, 33
1, 85, | 709393584, 85
1, 6, | 719885386, 6
1, 55, | 749241873, 55
1, 88, | 752392754, 88
1, 45, | 756898537, 45
1, 79, | 760313750, 79
1, 12, | 783368690, 12
1, 66, | 805750846, 66
1, 1, | 846930886, 1
1, 96, | 855636226, 96
1, 42, | 859484421, 42
1, 25, | 861021530, 25
1, 72, | 939819582, 72
1, 94, | 943947739, 94
1, 82, | 945117276, 82
1, 58, | 982906996, 58
1, 10, | 1025202362, 10
1, 36, | 1059961393, 36
1, 68, | 1100661313, 68
1, 30, | 1101513929, 30
1, 13, | 1102520059, 13
1, 35, | 1125898167, 35
1, 50, | 1129566413, 50
1, 40, | 1131176229, 40
1, 70, | 1141616124, 70
1, 65, | 1159126505, 65
1, 9, | 1189641421, 9
1, 91, | 1264095060, 91
1, 19, | 1303455736, 19
1, 32, | 1315634022, 32
1, 11, | 1350490027, 11
1, 16, | 1365180540, 16
1, 34, | 1369133069, 34
1, 78, | 1374344043, 78
1, 92, | 1411549676, 92
1, 53, | 1424268980, 53
1, 69, | 1433925857, 69
1, 98, | 1469348094, 98
1, 89, | 1474612399, 89
1, 80, | 1477171087, 80
1, 17, | 1540383426, 17
1, 75, | 1548233367, 75
1, 77, | 1585990364, 77
1, 67, | 1632621729, 67
1, 7, | 1649760492, 7
1, 41, | 1653377373, 41
1, 39, | 1656478042, 39
1, 2, | 1681692777, 2
1, 3, | 1714636915, 3
1, 23, | 1726956429, 23
1, 46, | 1734575198, 46
1, 97, | 1749698586, 97
1, 84, | 1780695788, 84
1, 31, | 1801979802, 31
1, 0, | 1804289383, 0
1, 63, | 1827336327, 63
1, 93, | 1843993368, 93
1, 83, | 1889947178, 83
1, 54, | 1911759956, 54
1, 43, | 1914544919, 43
1, 87, | 1918502651, 87
1, 62, | 1937477084, 62
1, 99, | 1956297539, 99
1, 4, | 1957747793, 4
1, 15, | 1967513926, 15
1, 47, | 1973594324, 47
1, 95, | 1984210012, 95
1, 74, | 1998898814, 74
1, 73, | 2001100545, 73
1, 49, | 2038664370, 49
1, 14, | 2044897763, 14
1, 90, | 2053999932, 90
1, 61, | 2084420925, 61
1, 37, | 2089018456, 37
1, 28, | 2145174067, 28
1, 100, | 1036140795, 100
1, 101, | 463480570, 101
1, 102, | 2040651434, 102
1, 103, | 1975960378, 103
1, 104, | 317097467, 104
1, 105, | 1892066601, 105
1, 106, | 1376710097, 106
1, 107, | 927612902, 107
1, 108, | 1330573317, 108
1, 109, | 603570492, 109
1, 110, | 1687926652, 110
1, 111, | 660260756, 111
1, 112, | 959997301, 112
1, 113, | 485560280, 113
1, 114, | 402724286, 114
1, 115, | 593209441, 115
1, 116, | 1194953865, 116
1, 117, | 894429689, 117
1, 118, | 364228444, 118
1, 119, | 1947346619, 119
1, 120, | 221558440, 120
1, 121, | 270744729, 121
1, 122, | 1063958031, 122
1, 123, | 1633108117, 123
1, 124, | 2114738097, 124
1, 125, | 2007905771, 125
1, 126, | 1469834481, 126
1, 127, | 822890675, 127
1, 128, | 1610120709, 128
1, 129, | 791698927, 129
1, 130, | 631704567, 130
1, 131, | 498777856, 131
1, 132, | 1255179497, 132
1, 133, | 524872353, 133
1, 134, | 327254586, 134
1, 135, | 1572276965, 135
1, 136, | 269455306, 136
1, 137, | 1703964683, 137
1, 138, | 352406219, 138
1, 139, | 1600028624, 139
1, 140, | 160051528, 140
1, 141, | 2040332871, 141
1, 142, | 112805732, 142
1, 143, | 1120048829, 143
1, 144, | 378409503, 144
1, 145, | 515530019, 145
1, 146, | 1713258270, 146
1, 147, | 1573363368, 147
1, 148, | 1409959708, 148
1, 149, | 2077486715, 149
1, 150, | 1373226340, 150
1, 151, | 1631518149, 151
1, 152, | 200747796, 152
1, 153, | 289700723, 153
1, 154, | 1117142618, 154
1, 155, | 168002245, 155
1, 156, | 150122846, 156
1, 157, | 439493451, 157
1, 158, | 990892921, 158
1, 159, | 1760243555, 159
1, 160, | 1231192379, 160
1, 161, | 1622597488, 161
1, 162, | 111537764, 162
1, 163, | 338888228, 163
1, 164, | 2147469841, 164
1, 165, | 438792350, 165
1, 166, | 1911165193, 166
1, 167, | 269441500, 167
1, 168, | 2142757034, 168
1, 169, | 116087764, 169
1, 170, | 1869470124, 170
1, 171, | 155324914, 171
1, 172, | 8936987, 172
1, 173, | 1982275856, 173
1, 174, | 1275373743, 174
1, 175, | 387346491, 175
1, 176, | 350322227, 176
1, 177, | 841148365, 177
1, 178, | 1960709859, 178
1, 179, | 1760281936, 179
1, 180, | 771151432, 180
1, 181, | 1186452551, 181
1, 182, | 1244316437, 182
1, 183, | 971899228, 183
1, 184, | 1476153275, 184
1, 185, | 213975407, 185
1, 186, | 1139901474, 186
1, 187, | 1626276121, 187
1, 188, | 653468858, 188
1, 189, | 2130794395, 189
1, 190, | 1239036029, 190
1, 191, | 1884661237, 191
1, 192, | 1605908235, 192
1, 193, | 1350573793, 193
1, 194, | 76065818, 194
1, 195, | 1605894428, 195
1, 196, | 1789366143, 196
1, 197, | 1987231011, 197
1, 198, | 1875335928, 198
1, 199, | 1784639529, 199
[0;31m run error [0m
